2 1 2
1 3 3
5 5 7
4 7 8 (*** 5/12/13)
8 9 12
7 11 13
11 13 17
10 15 18
14 17 22
13 19 23
17 21 27
16 23 28
20 25 32
19 27 33
23 29 37
22 31 38
26 33 42
25 35 43
29 37 47
28 39 48
32 41 52
31 43 53
35 45 57
34 47 58
38 49 62
37 51 63
41 53 67
40 55 68
44 57 72
43 59 73
47 61 77
46 63 78
50 65 82
49 67 83
53 69 87
52 71 88
56 73 92
55 75 93
59 77 97
58 79 98
62 81 102
61 83 103
65 85 107
64 87 108
68 89 112
67 91 113
71 93 117
70 95 118
74 97 122
73 99 123
77 101 127
76 103 128
80 105 132
79 107 133
83 109 137
82 111 138
86 113 142
85 115 143
89 117 147
88 119 148
92 121 152
91 123 153
95 125 157
94 127 158
98 129 162
97 131 163
101 133 167
100 135 168
104 137 172
103 139 173
107 141 177
106 143 178
110 145 182
109 147 183
113 149 187
112 151 188
116 153 192
115 155 193
119 157 197
118 159 198
122 161 202
121 163 203
125 165 207
124 167 208
128 169 212
127 171 213
131 173 217
130 175 218
134 177 222
133 179 223
137 181 227
136 183 228
140 185 232
139 187 233
143 189 237
142 191 238
146 193 242
145 195 243
149 197 247
148 199 248
152 201 252
