1 5 5
4 7 8
6 17 18
9 19 21
11 29 31
14 31 34
16 41 44
19 43 47
21 53 57
24 55 60
26 65 70
29 67 73
31 77 83
34 79 86
36 89 96
39 91 99
41 101 109
44 103 112
46 113 122
49 115 125
51 125 135
54 127 138
56 137 148
59 139 151
61 149 161
64 151 164
66 161 174
69 163 177
71 173 187
74 175 190
76 185 200
79 187 203
81 197 213
84 199 216
86 209 226
89 211 229
91 221 239
94 223 242
96 233 252
99 235 255
101 245 265
104 247 268
106 257 278
109 259 281
111 269 291
114 271 294
116 281 304
119 283 307
121 293 317
124 295 320
126 305 330
129 307 333
131 317 343
134 319 346
136 329 356
139 331 359
141 341 369
144 343 372
146 353 382
149 355 385
151 365 395
154 367 398
156 377 408
159 379 411
161 389 421
164 391 424
166 401 434
169 403 437
171 413 447
174 415 450
176 425 460
179 427 463
181 437 473
184 439 476
186 449 486
189 451 489
191 461 499
194 463 502
196 473 512
199 475 515
201 485 525
204 487 528
206 497 538
209 499 541
211 509 551
214 511 554
216 521 564
219 523 567
221 533 577
224 535 580
226 545 590
229 547 593
231 557 603
234 559 606
236 569 616
239 571 619
241 581 629
244 583 632
246 593 642
249 595 645
251 605 655
